.Random.seed <-
c(403L, 10L, 1427175942L, -855431792L, -1801381837L, 2012264401L, 
-249864832L, -592908194L, -1523916887L, -731994533L, 2128370282L, 
874489612L, -413511345L, 1697417733L, -194856772L, -1703169646L, 
334080653L, -1380108089L, -680481362L, 543660040L, -110941173L, 
1215113449L, -625571912L, -1020845978L, 315977985L, -13588589L, 
1244665922L, 657649652L, -407492105L, -612672019L, -2017530236L, 
-1700319062L, 1807236629L, 568550063L, 1342888118L, 10761952L, 
707955235L, -1508772543L, -1153308624L, 1108054606L, 1969460921L, 
-479268149L, 244269946L, 1285493372L, 1047250623L, 2082361237L, 
1269409708L, -1720388222L, -2079958179L, -702384553L, 2123146558L, 
1782691192L, 1678444123L, 1539887545L, -1352698872L, -957911370L, 
1489444337L, -498805725L, -1791112078L, 51859140L, -756242297L, 
-1637143459L, 1812050516L, -579999622L, 830794693L, -427066081L, 
-1041421146L, -223551952L, -216128301L, -1301099791L, 1872558624L, 
519748798L, 1108748489L, -1877222789L, -920883126L, 316989612L, 
-1563666513L, -533634203L, 43522332L, -2124209806L, -520445459L, 
-1763981785L, 997418574L, -1937257816L, -1755526997L, -1245564471L, 
726605272L, 946310278L, 640282977L, 482055411L, -95585438L, 301430228L, 
-1447690025L, -1780714803L, 590221924L, 478652490L, 175087029L, 
507814159L, 1561493014L, -1907074880L, 1870130819L, -361346399L, 
-498328432L, -882903186L, -576696039L, -1370623573L, 1944997786L, 
1649180508L, 772935263L, 648478261L, 1659731404L, -365224670L, 
-325056643L, 1172462711L, -1496563298L, 979417176L, -85424709L, 
1101720409L, 2019637480L, -1246553834L, 1790995089L, -468777149L, 
871764562L, 1119958244L, 980549415L, 2038397821L, -1318486412L, 
-1283948454L, -936027995L, 732072639L, -707841722L, 833103824L, 
1784402419L, 1364213009L, -349980352L, -616216290L, 823143913L, 
-531652837L, -932296406L, -1748073908L, 1029619215L, 885854533L, 
-1911137540L, 989229394L, 2014189261L, -89059705L, 1846278510L, 
-1507593400L, -1977358517L, 1764830889L, 121295864L, 2115439398L, 
1322851393L, 172961235L, -2054439038L, 1126101940L, -892433609L, 
-345339347L, -938579132L, 1463844970L, -1515939115L, -1481423761L, 
1047002486L, -818600288L, 943825763L, -1492760575L, 177697648L, 
-461047026L, -306498183L, -1874931445L, 874222138L, -1384625860L, 
-860256641L, -1749955115L, -1398979604L, -1250536126L, 322275997L, 
510715671L, -571242882L, -11950536L, -1434525413L, -745126279L, 
1931510472L, 1386173174L, -1111073999L, 1927752547L, -1853931214L, 
2061681284L, -1845629241L, 1080145309L, 1940955412L, 1220480954L, 
-915584507L, 898005983L, -1040436634L, -663245328L, 300071699L, 
-718486351L, 506353504L, -636111618L, 2117866633L, -1036479557L, 
1057357194L, 718937196L, 651097583L, -1690874331L, 1036077788L, 
684302514L, 125350829L, 131393383L, 2086605966L, 871469416L, 
-205450901L, -1376689399L, 459806104L, 752133318L, -1091936735L, 
1623965363L, 576119842L, 1096572436L, 1221972631L, 835751053L, 
375161252L, -439227510L, 242730997L, -2010757553L, -2087976618L, 
-1136636928L, 1432503619L, -1608240640L, -93686724L, 1199671888L, 
961762466L, 1194268488L, -1170864628L, 171771612L, -1921949614L, 
-108142464L, 1763230548L, 2097755112L, 1235002106L, 1229901648L, 
-859893716L, -745852556L, -2065614190L, 56177248L, 40864908L, 
510442848L, 575504610L, 251930792L, -2023775540L, -1106213380L, 
-87590990L, -1105395728L, 1925905860L, 2088606040L, -2031694470L, 
1454190000L, -1938982468L, -1132975532L, 172309954L, -813851872L, 
1740520380L, -589536176L, -890968094L, 647785320L, 1741961036L, 
-1206838532L, -184675598L, -854032128L, 297378932L, -1574610424L, 
1237651898L, -1342121520L, -658459668L, 374544276L, -1979386670L, 
-428322720L, 1179453772L, -621351136L, 1432515202L, 2055107048L, 
-1774275604L, -1379762628L, -275209614L, 1307092848L, 497516836L, 
1440796216L, -1052230246L, -1110813232L, -631901764L, -745674092L, 
-1587112318L, 50084288L, -352223428L, 676660880L, -480767198L, 
-257462776L, 1781929740L, -2091835492L, -1727543278L, 1523045248L, 
1693925140L, 339384616L, -104904646L, -1040504880L, -1391959444L, 
2123977780L, -21635950L, -264223392L, -122818228L, 1754591712L, 
-310573150L, -1895125080L, 974789772L, -1849189444L, 2102042738L, 
18306032L, 1473908804L, 380376152L, -2041948102L, -2143072144L, 
2135222844L, -2091574508L, 1698442946L, -1967169824L, -1119595396L, 
-146480944L, -1368951902L, 1643536936L, -1890714356L, 1945349052L, 
-1357861582L, -1729555264L, 863411764L, -1675987256L, 615673530L, 
-1111766896L, -819033364L, 392606292L, 1591514770L, 1941957408L, 
590097356L, 444892384L, 92310210L, -1474520L, -1061387348L, -790854980L, 
-1664283150L, -1302319568L, 303622052L, -2112805448L, 20817754L, 
650021008L, -152091780L, 598465300L, 1039188290L, 360198912L, 
1015379900L, -644250800L, 1696861474L, 630924872L, -2128705524L, 
-314501028L, -1179704878L, 1880556032L, -641124012L, -6355736L, 
192388346L, 1481367248L, 1965634860L, -238774028L, -1122656878L, 
-1168797344L, -696504308L, 267814624L, 461965922L, -1037261144L, 
606926412L, -595336324L, 76928306L, 543078000L, 977070916L, 121902040L, 
-1692422278L, 923634224L, 1285626812L, 1489338964L, -1993055166L, 
-1737801568L, -121353540L, -1683624496L, -803604638L, -753366296L, 
-1328466740L, 11910652L, -1576211982L, -1794742656L, -325179916L, 
1885500040L, -1619136710L, 2042163024L, -746447764L, -390146668L, 
417043538L, 999422432L, -83465012L, 1062320288L, -1079887486L, 
-1163065112L, 724691692L, 1821529404L, 1411437682L, 1029434480L, 
1435563044L, 1227784248L, 85504794L, -1484913456L, 594789180L, 
361590676L, 363165570L, 1224351168L, -515902916L, -1552672368L, 
-1812782558L, -1045234424L, -21396852L, -1272330468L, -303736686L, 
-2061989504L, 1385753108L, -1789054168L, -492691910L, -1526185520L, 
306775404L, -650175564L, 1888193554L, -33203744L, 637090764L, 
1794595040L, -208007134L, -2039493336L, 1573350924L, 1057835836L, 
1776198642L, -822350096L, 1533702724L, -131273128L, 1464529722L, 
-1900043792L, -1252737348L, -1036940012L, -2062264638L, 922736736L, 
-1319213188L, -1196364848L, -458975293L, 709910724L, 1401651058L, 
-1342119353L, 2034262545L, 1051839382L, 951344884L, 1575252101L, 
-303041073L, -1828757304L, 1303996774L, -590632045L, 931312885L, 
1914488018L, -805481696L, 1844873993L, 1584516155L, -159485556L, 
712738842L, -1568525169L, 189430745L, 1580309614L, -1412857860L, 
1760621933L, -1757843689L, -2020241696L, 1196076222L, 825666187L, 
191693069L, 344171834L, -651762312L, -539971807L, -1179621421L, 
-1425510668L, -574460030L, 1687647767L, 1777294561L, -834475482L, 
-801862876L, 1302553557L, -865668225L, -1742719464L, -1484112586L, 
-1942195261L, -1208059387L, 953680290L, 316138896L, 63456569L, 
-2076085781L, -256159012L, -1768810742L, -906749441L, 1451348041L, 
1790745054L, -653532788L, 349232477L, 93232487L, -532046192L, 
653172910L, 1417847131L, -2112670403L, 1219946410L, -92561336L, 
512571505L, 1215288803L, 1436356836L, 1220836370L, 141105127L, 
-355303503L, -2141179402L, -976045036L, 1244701477L, 368161839L, 
-461609496L, 1603490502L, 586586995L, -973421611L, 102501298L, 
1337527680L, 848598377L, -47736357L, 2126053676L, 826139450L, 
21405167L, -759191431L, -1606454514L, -1363769636L, -852462259L, 
616507575L, -1079578048L, 1134226206L, 402919915L, -406127251L, 
-227851302L, -75135592L, -1986229247L, -668914253L, 1281127636L, 
-900357662L, 2134735991L, 1022845377L, 1554955078L, 1123821188L, 
382726197L, -1455628257L, -1864546440L, -1227751850L, -1640975645L, 
-1806043995L, 357293378L, 743582512L, -375861415L, 1463731403L, 
-1058417348L, 185270634L, -1011364961L, -921500119L, 1557686462L, 
-1528761940L, 1552568061L, -1168606649L, -825427664L, -1764900274L, 
-1936315781L, 1751357917L, 500379658L, 1181880616L, -870346863L, 
1388421507L, -889176444L, -1362043726L, -475071481L, 2134386769L, 
1920251862L, -1401661772L, 1530816197L, 1941837839L, 1577724040L, 
-555771482L, -1804091053L, 1860203189L, -943806446L, -1066849824L, 
792067145L, -385578373L, 2115670860L, 808638170L, -1711240497L, 
